15581894
21748600
21084296
20386955
25043762
29307486
20681655
25107406
18931117
23836494
21308848
24086491
23071703
22923517
20387014
29101200
22475079
20307057
25969986
29150515
15716038
20801026
22613889
26329893
11929215
23592055
20436035
24919140
22404344
18987161
23709691
18707125
19170545
22586271
22873756
19788310
12781779
20047562
18411226
18986982
24286336
17894826
19073594
20427268
21983966
24992307
23327428
16901752
24915748
22925580
21515416
20376636
20050614
18353368
17979301
24066157
18983167
21830807
20667718
15294802
16981709
26057676
18626642
20177823
22219371
27129264
24041306
24069213
24214982
17294188
20553502
19370717
16968069
25562209
24657616
10858442
23532843
23974371
21147778
15148314
20511247
24403065
19416976
16751439
21914802
20541109
15954864
12684498
18422657
20138890
12859194
27271847
27092463
28142197
26621798
20592022
23012371
18068682
19786095
24114556
23411285
25751413
11900558
20691783
15628881
19304844
28860063
16946451
15274620
24747898
22170108
17072684
17928686
18051592
19951999
25784767
26537871
26992793
21177247
17240986
19072333
21106526
22013074
21297160
22902546
11842234
12221104
24482228
25471797
20875088
16503208
20635417
21959377
23012443
28180917
27627900
21867780
26923808
20163191
19412581
26790627
23580646
19148633
22318728
16141207
25077565
18519562
24170203
24502544
23148563
24657441
15466595
15039065
21959147
20453094
24721563
18361502
25248746
24771868
24333438
10852868
15358350
15928987
16407307
16269763
23728237
11724556
14674752
10715127
11106490
20422176
22162664
22266401
24136327
19825391
19375145
25619204
22284438
25218521
16227207
23353827
23457469
25136511
11854276
22942235
25278939
23835157
22326746
22408062
23851086
12029050
23436726
24481630
18664521
21193413
20862670
21828056
22891250
22451931
22238126
22648563
21166648
20678540
17613531
23963459
18983825
25664771
24768817
22166247
25479092
23263966
25514023
25020232
22493446
22187439
11157230
22229411
23451075
19819352
16243781
16156792
23282241
9425231
24142250
16412385
24333989
18498253
18281307
18160520
21705325
18765691
18559652
21053939
20527960
22439800
20036411
21600989
24261485
17996716
11779186
24375099
23972005
26390431
18412544
25450592
23453853
19780837
24787711
21807125
19744243
21450519
16829218
17598086
21894910
18462755
25692488
22791172
21548881
20493855
22655049
19586911
21600680
24855653
23707715
22100451
11756418
19483088
21423654
23897814
20659899
22582397
15201868
26055718
20400571
25712150
15663941
17029402
24304904
23494625
23490078
24237144
23838530
14769799
15182206
15323567
15722449
14747460
14756554
14992604
15023073
15175333
15035627
12899635
12755633
14670958
15301536
12721294
14617621
12665427
15709736
12767807
15516713
15755726
12775215
9030572
7577911
15128740
12962509
15381710
6852020
7989306
14978036
12966097
12960159
14522996
12834286
16297670
11123954
12146939
16430212
2029528
1182029
8910410
9651342
15138277
8119978
8132604
14573595
1396557
12732646
15843155
15138275
15981998
15316017
7706211
8349597
11876827
16784813
2775236
7858967
12702721
17128965
12354115
15140877
8718889
9874196
8448179
16567800
8471035
3548700
7907084
1396750
7803389
16359636
16348128
7492325
9300809
15866923
9360991
7822310
15159411
15788415
16873361
10469829
11278832
16387282
8576228
16495258
7011386
8309940
17426028

16515533
16803899
15111055
10438473
7695305
14596604
9494118
15078105
7910734
15863831
8188708
3264152
9559809
10390233
15326193
9371686
8504817
15611104
9671516
16792995
7213621
11085979
7350914
15067523
15850394
12731879
12568655
1980064
16567409
16962986
15752689
